0 0.06719148936170213 0.1376923076923077 0.027009118541033435 0.16212550607287451
0 0.26479027355623097 0.18044534412955465 0.01396352583586626 0.22097165991902834
0 0.032790273556231 0.662914979757085 0.009750759878419453 0.1443522267206478
0 0.28077203647416415 0.6656882591093118 0.010006079027355624 0.15435222672064777
0 0.3677933130699088 0.02931174089068826 0.027325227963525836 0.05862348178137652
0 0.4169422492401216 0.10473684210526316 0.02182370820668693 0.07022267206477732
0 0.36100911854103346 0.12366396761133604 0.029161094224924012 0.0714574898785425
0 0.4109787234042553 0.19388663967611336 0.02750759878419453 0.08732793522267207
0 0.4064863221884498 0.326417004048583 0.034291793313069904 0.04580971659919028
0 0.5968145896656535 0.17279352226720648 0.034358662613981766 0.2831578947368421
0 0.5541276595744681 0.6772874493927126 0.02811550151975684 0.3120647773279352
0 0.7379088145896656 0.6616801619433198 0.009720364741641337 0.14678137651821863
0 0.7991671732522797 0.12809716599190282 0.016930091185410334 0.22204453441295546
0 0.9117568389057751 0.1870445344129555 0.01282066869300912 0.1691093117408907
0 0.9690516717325227 0.1815587044534413 0.013215805471124619 0.1679757085020243
0 0.9621155015197569 0.7496963562753037 0.012559270516717326 0.14524291497975708