0 0.44979548660084623 0.6569125 0.16439351198871652 0.245775
0 0.6090479548660085 0.7145 0.14793370944992948 0.1127875
0 0.3735049365303244 0.2886125 0.07880112834978843 0.12251250000000001
1 0.4576445698166432 0.101075 0.3358392101551481 0.20215
0 0.6676093088857545 0.0673625 0.07208744710860367 0.1208375
0 0.29633286318758817 0.765275 0.13662200282087447 0.055549999999999995
1 0.6652538787023978 0.5868 0.26171368124118477 0.12916249999999999
1 0.7177503526093089 0.6979125 0.07522566995768688 0.0930625
1 0.24260225669957686 0.3501875 0.17741184767277857 0.2809625
1 0.3685119887165021 0.4098375 0.07306064880112835 0.1229625
0 0.23540902679830747 0.5638000000000001 0.2650352609308886 0.21728750000000002
1 0.7513469675599437 0.0697 0.09579689703808181 0.1394
0 0.6087235543018336 0.3348625 0.394703808180536 0.3874
1 0.8996121297602258 0.3103125 0.19819464033850495 0.620625
1 0.5891748942172074 0.47226250000000003 0.06847672778561353 0.0978875
1 0.5088293370944993 0.5355875 0.046763046544428775 0.061212499999999996
1 0.4249294781382228 0.333275 0.055260930888575456 0.1169125
1 0.5399788434414668 0.2341125 0.07633991537376587 0.0653625
1 0.6601551480959097 0.16510000000000002 0.06976022566995768 0.0719
0 0.18446403385049365 0.6990375 0.01152327221438646 0.04285
0 0.31956981664315937 0.700775 0.02430888575458392 0.0462
0 0.35025387870239777 0.7063875000000001 0.020916784203102962 0.055650000000000005