1 0.7001363636363637 0.1567205169628433 0.5807090909090908 0.3115993537964459
1 0.10164545454545455 0.40332794830371566 0.2032909090909091 0.2848303715670436
1 0.8595090909090909 0.36735056542810984 0.28099090909090907 0.09948303715670435
1 0.23584545454545455 0.31008077544426493 0.06198181818181819 0.1409854604200323
1 0.37438181818181815 0.2524878836833602 0.06777272727272728 0.10011308562197092
0 0.3906 0.5545880452342489 0.026109090909090908 0.04059773828756058
0 0.4384727272727273 0.5507108239095315 0.01958181818181818 0.022552504038772216
0 0.07791818181818182 0.6310823909531502 0.021472727272727275 0.024232633279483037
0 0.005681818181818182 0.6241195476575121 0.011363636363636364 0.01840064620355412
1 0.21643636363636365 0.4245557350565428 0.024545454545454544 0.08348949919224556
1 0.29479090909090905 0.27124394184168016 0.0545 0.06365105008077544