1 0.45516493055555557 0.09837962962962964 0.8809606481481481 0.19675925925925927
1 0.9484953703703703 0.40316358024691357 0.10300925925925926 0.8063271604938271
1 0.5509693287037037 0.38152006172839503 0.423431712962963 0.3676832561728395
0 0.253359375 0.3694598765432099 0.053663194444444444 0.05228780864197531
0 0.1804021990740741 0.3834490740740741 0.03705150462962963 0.02646412037037037
0 0.3178009259259259 0.37800925925925927 0.03749131944444444 0.027935956790123454
0 0.3177951388888889 0.7315432098765432 0.04559027777777778 0.012912808641975308
0 0.3426765046296296 0.6658873456790123 0.003576388888888889 0.013508873456790124
0 0.3046846064814815 0.6698611111111111 0.018773148148148146 0.015098379629629628
0 0.254921875 0.6513850308641975 0.027115162037037035 0.019467592592592592
0 0.25447627314814814 0.6718460648148148 0.02205150462962963 0.017878086419753088
0 0.1705931712962963 0.6803896604938271 0.021753472222222223 0.0059587191358024694
0 0.18013020833333332 0.6685686728395062 0.008046875 0.014502314814814817
0 0.1472019675925926 0.6792959104938271 0.010130208333333333 0.00456983024691358
0 0.1574826388888889 0.6688676697530864 0.00685474537037037 0.014701003086419752
1 0.4244704861111111 0.6080516975308642 0.3879311342592593 0.08449845679012347
0 0.48898726851851854 0.6427449845679012 0.01609085648148148 0.004967206790123457
0 0.4942013888888889 0.6729398148148148 0.0378443287037037 0.003377700617283951
0 0.5751012731481482 0.6323148148148148 0.029797453703703704 0.048074845679012344
0 0.5764438657407408 0.665985725308642 0.025326967592592592 0.011323302469135803
1 0.3793836805555556 0.7662519290123457 0.14557291666666666 0.11897762345679012
1 0.5363454861111111 0.7150212191358025 0.0651244212962963 0.07851658950617284
1 0.42401909722222225 0.6635706018518518 0.10169270833333333 0.026331018518518517
1 0.17458912037037036 0.5826581790123457 0.10900462962962963 0.10819637345679012
1 0.15622395833333333 0.45247878086419757 0.07432002314814816 0.06142939814814814
1 0.07933159722222223 0.4946122685185185 0.07875868055555556 0.31442708333333336
1 0.10197048611111112 0.26671875 0.16776331018518517 0.1396585648148148
1 0.1640653935185185 0.35217592592592595 0.06208043981481482 0.030349151234567905
1 0.2670023148148148 0.2862133487654321 0.14065104166666667 0.11562499999999999
1 0.8271990740740741 0.5660069444444444 0.09025752314814815 0.07268325617283951
1 0.25020833333333337 0.5501080246913581 0.04192418981481481 0.029704861111111112
1 0.7986834490740741 0.23247878086419754 0.07043692129629629 0.06962191358024691