0 0.206 0.560584707646177 0.26903 0.5420239880059969
0 0.56186 0.3466566716641679 0.18118 0.6879010494752623
0 0.47366 0.7696101949025488 0.06733 0.0632983508245877
0 0.39364 0.7905097451274362 0.05636 0.02452773613193403
0 0.5528 0.7772713643178412 0.06506999999999999 0.024377811094452775
0 0.70385 0.6463868065967017 0.10194 0.28347826086956524
0 0.60714 0.740839580209895 0.04316 0.09865067466266866
1 0.46666 0.37674662668665665 0.08597 0.31478260869565217
1 0.7456699999999999 0.2901349325337331 0.18033000000000002 0.4397901049475262
1 0.78912 0.5516191904047976 0.13546 0.08266866566716642
1 0.77354 0.6435982008995502 0.039810000000000005 0.09662668665667166