1 0.1883888888888889 0.17258893280632412 0.31058888888888886 0.345197628458498
1 0.05901111111111111 0.4834782608695652 0.11801111111111111 0.25855731225296447
0 0.7547888888888888 0.1057707509881423 0.15574444444444444 0.20241106719367588
0 0.29471111111111115 0.6612252964426877 0.09382222222222222 0.32294466403162053
0 0.7805555555555556 0.9185573122529644 0.05793333333333334 0.16288537549407114
0 0.8940444444444444 0.8914426877470356 0.02301111111111111 0.07764822134387352
0 0.625788888888889 0.8660276679841897 0.03888888888888889 0.09458498023715414
0 0.4718222222222222 0.9027470355731225 0.030955555555555556 0.15104743083003955
0 0.9551555555555555 0.8547430830039525 0.0119 0.2018577075098814
0 0.7888888888888889 0.4143083003952569 0.028566666666666667 0.08610671936758893
0 0.7384888888888889 0.38397233201581027 0.03571111111111111 0.07622529644268775
0 0.6817444444444445 0.27950592885375497 0.015877777777777775 0.073399209486166
0 0.6460777777777779 0.21403162055335967 0.030055555555555558 0.12984189723320158
0 0.6091222222222222 0.23926877470355729 0.030955555555555556 0.06634387351778656
0 0.42791111111111113 0.8746442687747036 0.025122222222222223 0.18798418972332018
0 0.31270000000000003 0.8872134387351779 0.015877777777777775 0.07764822134387352
0 0.2119 0.9189723320158103 0.022222222222222223 0.09033596837944664
0 0.1091 0.7061264822134388 0.09307777777777777 0.19620553359683796
0 0.2007888888888889 0.4154743083003952 0.10397777777777778 0.1257707509881423
0 0.5016888888888889 0.16179841897233202 0.07432222222222222 0.07849802371541502
0 0.6074333333333334 0.0749802371541502 0.1338 0.14735177865612648
0 0.3543 0.7482608695652174 0.022977777777777778 0.0817588932806324
0 0.9086 0.7153359683794466 0.055822222222222224 0.08626482213438735
0 0.8694777777777778 0.5741897233201582 0.03574444444444445 0.03561264822134387
1 0.03613333333333334 0.7229249011857708 0.07226666666666667 0.21932806324110674
0 0.20144444444444445 0.6942885375494071 0.07384444444444443 0.2807509881422925
0 0.11236666666666666 0.9475098814229249 0.0070888888888888885 0.10353754940711463
1 0.1617111111111111 0.9082806324110672 0.0790888888888889 0.17695652173913046
1 0.42876666666666663 0.6902371541501976 0.08218888888888888 0.15003952569169962
1 0.09575555555555557 0.8889920948616601 0.030833333333333334 0.12705533596837945
0 0.6114777777777778 0.3500592885375494 0.10584444444444445 0.13960474308300394
1 0.4259222222222222 0.09162055335968379 0.16502222222222224 0.18322134387351777
0 0.9049444444444444 0.4815810276679842 0.03501111111111111 0.08786561264822135
1 0.8178333333333333 0.24644268774703557 0.037422222222222225 0.1066798418972332
1 0.2842222222222222 0.41739130434782606 0.06420000000000001 0.11053359683794467
0 0.3975 0.24954545454545454 0.06905555555555555 0.09031620553359684
1 0.21487777777777775 0.46284584980237153 0.0709111111111111 0.12373517786561265
1 0.35667777777777776 0.344901185770751 0.07632222222222222 0.12424901185770751
0 0.3071888888888889 0.3250197628458498 0.10447777777777778 0.12162055335968379