0 0.33558333333333334 0.7373887240356083 0.18840833333333334 0.10698813056379822
0 0.5750083333333333 0.7231750741839763 0.260275 0.2495252225519288
0 0.8720833333333333 0.8272551928783384 0.06934166666666666 0.10531157270029674
0 0.9399000000000001 0.9579821958456972 0.0407 0.0827893175074184
1 0.7586416666666667 0.5243175074183976 0.2738083333333333 0.4726557863501484
1 0.4908 0.37451038575667656 0.2597666666666667 0.4654302670623145
1 0.861725 0.14207715133531157 0.27655833333333335 0.28416913946587535
0 0.78725 0.855919881305638 0.10023333333333334 0.2401780415430267
0 0.7210083333333334 0.8078635014836796 0.029825 0.07713649851632048
1 0.38593333333333335 0.6452373887240356 0.126 0.07068249258160238
1 0.3047416666666667 0.28038575667655785 0.10791666666666666 0.29244807121661726
1 0.9481083333333333 0.381513353115727 0.10378333333333334 0.19120178041543026