0 0.54474 0.4110666666666667 0.38282 0.34389333333333333
1 0.5891000000000001 0.14533333333333334 0.47612 0.2879733333333333
0 0.70712 0.6980533333333333 0.14078 0.0544
0 0.28996 0.5519466666666666 0.0824 0.02453333333333333
0 0.58276 0.6405333333333333 0.1598 0.11087999999999999
0 0.06720000000000001 0.7485333333333333 0.10514 0.029253333333333336
0 0.3836 0.62064 0.0174 0.07213333333333334
1 0.8997 0.25245333333333336 0.14228 0.14154666666666665
1 0.77644 0.37429333333333337 0.07579999999999999 0.16786666666666666
1 0.71978 0.5154933333333334 0.03928 0.12917333333333333
1 0.15694 0.4326133333333333 0.05896 0.18536000000000002
1 0.1724 0.5925866666666667 0.0426 0.08130666666666667
1 0.24392 0.7398133333333333 0.08562 0.04706666666666666
1 0.6555 0.64952 0.06484000000000001 0.0608
0 0.33296 0.4305333333333333 0.01858 0.030906666666666666
0 0.34272 0.6934933333333333 0.060200000000000004 0.019200000000000002
0 0.47656 0.6448 0.02142 0.08634666666666667
1 0.7619199999999999 0.65256 0.046439999999999995 0.042879999999999995
1 0.68808 0.6888266666666667 0.08186 0.019786666666666668
1 0.52886 0.6091466666666667 0.0407 0.055600000000000004
0 0.41974 0.6926666666666667 0.02736 0.014213333333333333
1 0.47036 0.60672 0.05876 0.05026666666666667
1 0.39386 0.6357333333333334 0.056280000000000004 0.09312000000000001
1 0.24852000000000002 0.45781333333333335 0.07840000000000001 0.09413333333333332
1 0.32216 0.3573066666666667 0.04882 0.08261333333333333
1 0.0708 0.7206400000000001 0.056659999999999995 0.034319999999999996