0 0.31224375 0.693443396226415 0.18091875000000002 0.1205943396226415
0 0.42946249999999997 0.6989150943396226 0.04600625 0.10279245283018867
0 0.63225625 0.5981698113207546 0.036975 0.08645283018867925
0 0.6841124999999999 0.47326415094339624 0.0644375 0.33379245283018866
0 0.549775 0.363433962264151 0.0520375 0.14176415094339623
0 0.45175 0.3495660377358491 0.0901875 0.18388679245283018
0 0.1256125 0.6366698113207547 0.061731249999999994 0.11333018867924528
0 0.075475 0.6138018867924528 0.03646875 0.08078301886792452
0 0.09710625 0.5045283018867924 0.0500875 0.09566037735849058
0 0.0728625 0.6896132075471698 0.018975 0.037160377358490565
0 0.176325 0.5739622641509434 0.01941875 0.040113207547169814
1 0.12496874999999999 0.4090188679245283 0.08658125 0.1065188679245283
1 0.20896875 0.358933962264151 0.07474375 0.07336792452830189
1 0.68535625 0.7060943396226416 0.07071875 0.14016981132075473
1 0.72325625 0.5630943396226415 0.0520375 0.14108490566037737
1 0.772625 0.7466320754716981 0.0195625 0.06018867924528302
1 0.22485 0.7578396226415094 0.05294375 0.025764150943396225
1 0.48743125 0.7155094339622642 0.0528125 0.033424528301886795
1 0.8350562499999999 0.7514622641509433 0.040725 0.0625
1 0.11042500000000001 0.7383962264150944 0.0362125 0.07975471698113208
1 0.5488875 0.5989528301886793 0.015487500000000001 0.0875943396226415
1 0.5593 0.5063490566037736 0.01019375 0.08233962264150943