0 0.8302248289345064 0.46526916802610113 0.17812316715542523 0.3889233278955954
0 0.23026392961876832 0.7549918433931484 0.21028347996089933 0.11685154975530179
0 0.4139882697947214 0.76836867862969 0.1319941348973607 0.06854812398042415
0 0.09543499511241446 0.5835399673735726 0.1201564027370479 0.1594616639477977
0 0.4145063538611926 0.4596411092985318 0.30118279569892475 0.3640293637846656
0 0.9530791788856305 0.636215334420881 0.024437927663734114 0.021745513866231646
0 0.22482893450635386 0.6382544861337683 0.03095796676441838 0.03942903752039152
1 0.1852199413489736 0.25924959216965743 0.17842619745845553 0.45802610114192494
1 0.6316324535679374 0.13951060358890702 0.7157966764418378 0.27902120717781403
1 0.6836461388074291 0.4234747145187602 0.2800684261974584 0.27484502446982056
1 0.342218963831867 0.3703915171288744 0.1327761485826002 0.1738825448613377
0 0.6871749755620723 0.589021207177814 0.028758553274682307 0.04773246329526917