1 0.361181640625 0.31298177083333334 0.4251220703125 0.45526041666666667
1 0.0733251953125 0.45711588541666665 0.146650390625 0.18804687499999997
0 0.1448193359375 0.5993424479166667 0.0273388671875 0.025885416666666664
0 0.1733447265625 0.607265625 0.018623046875 0.014264322916666667
0 0.2218798828125 0.5956445312499999 0.011884765625 0.023776041666666668
0 0.346689453125 0.5465364583333333 0.1386767578125 0.1400390625
0 0.2682373046875 0.6352669270833333 0.0190185546875 0.03856770833333333
0 0.30001953125 0.6457291666666667 0.014765625 0.04850911458333334
1 0.42369140625 0.6638346354166667 0.2108203125 0.08309244791666666
1 0.478232421875 0.7351562500000001 0.079775390625 0.05591796875
0 0.4971044921875 0.76419921875 0.0106884765625 0.018138020833333334
1 0.8379443359375 0.32428385416666666 0.3195458984375 0.3003971354166667
1 0.47451171875 0.5803710937500001 0.114130859375 0.07606119791666667
1 0.8476611328125 0.6678645833333333 0.288486328125 0.08857421875
1 0.644052734375 0.7131249999999999 0.1177099609375 0.11903645833333333
1 0.5577099609375 0.6498763020833334 0.0522705078125 0.09707031249999999