0 0.5697734375 0.5703055555555555 0.052734375 0.2671527777777778
0 0.72903125 0.4451805555555555 0.0575546875 0.12063888888888889
0 0.69584375 0.5386805555555556 0.0479296875 0.04959722222222222
0 0.20894531249999998 0.526875 0.09324218749999999 0.10783333333333334
1 0.369828125 0.1740972222222222 0.7327343749999999 0.3481944444444444
1 0.34240624999999997 0.4375833333333333 0.09946875 0.17434722222222224
0 0.4918984375 0.5540555555555555 0.011609375 0.06098611111111111
0 0.459703125 0.5526527777777778 0.032718750000000005 0.05629166666666667
0 0.5153828125000001 0.5474861111111111 0.012140624999999999 0.05161111111111111
0 0.3654921875 0.5268472222222222 0.01846875 0.10040277777777779
0 0.335140625 0.5517083333333334 0.013718749999999998 0.050666666666666665
1 0.5908125 0.3946666666666667 0.21734375 0.09319444444444444
1 0.46948437500000006 0.504125 0.03634375 0.030430555555555554
0 0.083109375 0.48159722222222223 0.034953125 0.04766666666666667
0 0.021249999999999998 0.5017916666666667 0.016296875 0.03183333333333334
1 0.135 0.38312500000000005 0.1355546875 0.06693055555555555
1 0.24709374999999997 0.4241944444444445 0.08640624999999999 0.14280555555555555