0 0.711726659167604 0.7290972918756269 0.4316985376827896 0.5418154463390171
1 0.7669178852643419 0.22922768304914742 0.44674353205849265 0.45845536609829485
0 0.43932508436445444 0.9597993981945837 0.10733970753655793 0.08039117352056169
1 0.5949437570303712 0.5364292878635908 0.24736782902137233 0.1466800401203611
1 0.9075196850393701 0.5272918756268806 0.12293025871766029 0.14614844533600804
1 0.4574184476940382 0.1152457372116349 0.1650281214848144 0.2287061183550652
1 0.9242013498312711 0.9358776328986962 0.15159167604049492 0.12825476429287863
1 0.4807086614173229 0.6709628886659981 0.02831833520809899 0.1179037111334002
1 0.6653824521934758 0.8714042126379137 0.14756467941507312 0.11699097291875626
1 0.5567716535433072 0.9088064192577734 0.05768841394825647 0.09430290872617852
1 0.7323059617547806 0.7326680040120361 0.04506749156355455 0.14173520561685055
1 0.6283464566929134 0.7425677031093281 0.07179977502812149 0.129839518555667
1 0.6661586051743532 0.6427683049147442 0.0577052868391451 0.05939819458375125
1 0.7600393700787401 0.5586258776328987 0.07869516310461191 0.196469408224674
1 0.5013779527559056 0.8000100300902708 0.03529246344206974 0.1250952858575727
1 0.46415635545556805 0.9056369107321965 0.04023622047244095 0.07097291875626881
1 0.9009167604049494 0.8208224674022067 0.05555680539932509 0.08083249749247744