1 0.401225 0.21755244755244754 0.4015125 0.4351282051282051
0 0.8983249999999999 0.31268065268065265 0.0609375 0.19911421911421912
0 0.9821125 0.27834498834498833 0.0357875 0.2825641025641026
0 0.8169249999999999 0.30564102564102563 0.0241 0.07512820512820512
0 0.778875 0.3188344988344988 0.032400000000000005 0.08135198135198135
0 0.7369 0.3343123543123543 0.032675 0.08
0 0.69895 0.3508624708624709 0.0270875 0.07547785547785549
0 0.663125 0.3682983682983683 0.030225 0.06582750582750582
0 0.6215125 0.3237529137529137 0.036625 0.18913752913752913
0 0.4267125 0.41785547785547783 0.041375 0.08230769230769232
0 0.107 0.5819114219114219 0.0378625 0.07331002331002331
1 0.15875 0.464032634032634 0.0805 0.15386946386946387
1 0.785075 0.11627039627039627 0.36286250000000003 0.23254079254079255
1 0.2502625 0.47279720279720283 0.09836249999999999 0.07659673659673659