1 0.6205769230769231 0.12182692307692308 0.7588461538461538 0.24365384615384617
0 0.5384871794871795 0.7884519230769231 0.07696153846153846 0.10896153846153846
0 0.7696153846153846 0.7680865384615384 0.12042307692307694 0.11629807692307692
1 0.7452564102564102 0.36560576923076926 0.5095000000000001 0.24225
1 0.3287820512820513 0.5583365384615384 0.3872820512820513 0.11540384615384615
1 0.5911153846153846 0.577576923076923 0.08725641025641026 0.08467307692307692
1 0.6712820512820513 0.628673076923077 0.07029487179487179 0.049923076923076924
1 0.8243974358974359 0.5724326923076923 0.17755128205128207 0.1646826923076923
1 0.8744615384615385 0.7980288461538462 0.10017948717948719 0.05320192307692308
1 0.8298589743589743 0.7393942307692308 0.06148717948717949 0.05888461538461539
0 0.4213717948717949 0.8501826923076924 0.015653846153846154 0.023961538461538465
1 0.42170512820512823 0.2758557692307692 0.11923076923076924 0.05725961538461538