0 0.6276 0.7854154727793696 0.07740000000000001 0.09042979942693409
0 0.3509 0.4455014326647564 0.5373600000000001 0.203323782234957
0 0.47074 0.1804297994269341 0.1595 0.3244126074498567
0 0.84128 0.4236103151862464 0.15074 0.3461031518624642
0 0.76182 0.705243553008596 0.0592 0.18157593123209168
0 0.86754 0.7387392550143266 0.046200000000000005 0.06074498567335243
0 0.70572 0.277621776504298 0.1092 0.43429799426934096
1 0.27186 0.1812320916905444 0.25808 0.33647564469914043
1 0.49351999999999996 0.6011461318051576 0.4664 0.21154727793696274
1 0.8797999999999999 0.25507163323782234 0.23178 0.2577650429799427
1 0.95668 0.4741547277936963 0.08664 0.17770773638968482
1 0.77 0.5022063037249284 0.08052 0.19624641833810888