0 0.099462890625 0.3328496732026144 0.1988671875 0.1282091503267974
1 0.472177734375 0.13512418300653595 0.944365234375 0.2702614379084967
0 0.323994140625 0.4196470588235294 0.236982421875 0.3296209150326797
0 0.180849609375 0.4867843137254902 0.028173828125 0.17413071895424836
0 0.14314453125 0.5286535947712419 0.025654296875 0.07271895424836601
0 0.146181640625 0.4387843137254902 0.03060546875 0.0668235294117647
0 0.113701171875 0.4389673202614379 0.023798828125 0.06294117647058824
0 0.110927734375 0.5168104575163399 0.020830078125 0.03630065359477124
0 0.75591796875 0.3501307189542484 0.234169921875 0.13190849673202615
0 0.541337890625 0.39925490196078434 0.193408203125 0.20490196078431372
1 0.048701171875 0.4848235294117647 0.097392578125 0.1795686274509804
1 0.692314453125 0.500640522875817 0.118408203125 0.1511764705882353
0 0.523212890625 0.5322745098039215 0.019541015625 0.03066666666666667
1 0.98248046875 0.09649673202614378 0.0350390625 0.13166013071895424
1 0.884150390625 0.30886274509803924 0.02439453125 0.07573856209150326
1 0.58251953125 0.5390980392156863 0.0957421875 0.06755555555555555
1 0.200693359375 0.6374640522875817 0.39970703125 0.11888888888888889
1 0.59669921875 0.30227450980392156 0.222294921875 0.06088888888888889