1 0.15015 0.4004814004376368 0.3003166666666667 0.8009409190371991
0 0.44511666666666666 0.5113566739606127 0.05881666666666666 0.06159737417943107
0 0.38245 0.34045951859956236 0.16853333333333334 0.2791028446389497
1 0.39235 0.10091903719912472 0.18088333333333334 0.19929978118161926
1 0.33755 0.535382932166302 0.07278333333333334 0.16323851203501094
1 0.5045 0.35759299781181614 0.104 0.07571115973741795
1 0.44171666666666665 0.25956236323851206 0.07728333333333333 0.11735229759299781
1 0.45511666666666667 0.872910284463895 0.08711666666666668 0.1636980306345733
1 0.3617166666666667 0.7184682713347921 0.08 0.08164113785557987
1 0.3318666666666667 0.29509846827133485 0.060849999999999994 0.06468271334792122
1 0.4257666666666667 0.5741137855579869 0.10111666666666667 0.07927789934354484
1 0.31633333333333336 0.4134354485776805 0.03013333333333333 0.07663019693654267