1 0.25544921875 0.43785609397944203 0.510908203125 0.8757121879588841
1 0.61623046875 0.5501468428781203 0.208623046875 0.09491923641703377
1 0.553759765625 0.4354038179148311 0.08328125 0.13067547723935388
1 0.695771484375 0.7969456681350955 0.03220703125 0.07709251101321586
1 0.54494140625 0.6674449339207048 0.065654296875 0.13604992657856094
0 0.2952734375 0.827180616740088 0.081669921875 0.09063142437591777
0 0.592373046875 0.8269897209985315 0.036044921875 0.08443465491923642
0 0.60923828125 0.7297356828193833 0.036162109375 0.029720998531571216
0 0.646064453125 0.751101321585903 0.01677734375 0.025844346549192366
0 0.419189453125 0.5954185022026433 0.04568359375 0.0390014684287812
1 0.647314453125 0.7045374449339208 0.025126953125 0.05051395007342144