1 0.8360078124999999 0.39976388888888886 0.327765625 0.789513888888889
1 0.14932812499999998 0.3806111111111111 0.2986640625 0.4221388888888889
1 0.48580468750000005 0.1582638888888889 0.36882031249999997 0.3072638888888889
0 0.43051562499999996 0.5604166666666667 0.1665859375 0.1834027777777778
0 0.62890625 0.43598611111111113 0.07846875 0.08804166666666667
0 0.5423281249999999 0.36165277777777777 0.1141796875 0.08952777777777778
0 0.2853046875 0.6872777777777778 0.1548046875 0.1679861111111111
0 0.9147890625 0.6973472222222222 0.022101562499999998 0.04088888888888889
1 0.5930625 0.6312083333333334 0.1536796875 0.31829166666666664
0 0.6051171875 0.5794305555555556 0.0368828125 0.04005555555555555
1 0.393578125 0.4021944444444444 0.183875 0.17344444444444443
0 0.3907578125 0.407125 0.0399375 0.03665277777777778
0 0.5311250000000001 0.7791944444444444 0.019578125 0.03211111111111111
1 0.1241328125 0.6818888888888889 0.16921875 0.16591666666666666