0 0.055975000000000004 0.912822429906542 0.033925000000000004 0.08727102803738317
0 0.1018 0.5873084112149533 0.046575 0.045570093457943925
0 0.2794625 0.7923364485981308 0.16118749999999998 0.377607476635514
0 0.40515 0.48020560747663554 0.15605 0.21590654205607476
0 0.6355875000000001 0.2701869158878505 0.16820000000000002 0.540373831775701
0 0.5091375 0.4696822429906542 0.034925000000000005 0.033514018691588786
1 0.5733874999999999 0.28697196261682245 0.10314999999999999 0.11887850467289719
1 0.0419625 0.5694579439252337 0.08233750000000001 0.2673831775700935
0 0.5206000000000001 0.5557196261682243 0.02935 0.08031775700934579
1 0.7184625 0.05097196261682243 0.1354625 0.10192523364485981
1 0.205825 0.42362616822429905 0.24205 0.38342056074766356
1 0.2379 0.08945794392523364 0.37420000000000003 0.17891588785046728
0 0.46301250000000005 0.2802429906542056 0.0201375 0.021401869158878505
1 0.1570625 0.6616635514018692 0.1501375 0.09130841121495327
1 0.7502 0.1452523364485981 0.052074999999999996 0.08224299065420561
1 0.4024375 0.31927102803738316 0.10005000000000001 0.09588785046728972