1 0.6246809895833333 0.0674609375 0.3350390625 0.134033203125
0 0.40572265625000004 0.4159765625 0.03205729166666667 0.31416015625
0 0.23252604166666668 0.21 0.011510416666666667 0.03294921875
0 0.24481770833333336 0.286630859375 0.017805989583333334 0.0519140625
0 0.23298828125 0.339873046875 0.009609375 0.0487109375
0 0.23872395833333335 0.41513671875 0.017506510416666666 0.101474609375
0 0.23178385416666666 0.4872265625 0.014869791666666667 0.035556640625
0 0.2512109375 0.682548828125 0.01984375 0.3075
0 0.24608723958333334 0.8578125 0.014049479166666665 0.009482421875
0 0.2516276041666667 0.954384765625 0.00966796875 0.033740234375
0 0.26625 0.9803515625 0.011874999999999998 0.0164453125
0 0.3535026041666667 0.908291015625 0.010950520833333333 0.01041015625
0 0.3598502604166667 0.872822265625 0.013489583333333333 0.02705078125
0 0.36787760416666665 0.831640625 0.008600260416666667 0.02845703125
0 0.36529947916666666 0.8051171875 0.006373697916666666 0.013701171875
0 0.37842447916666666 0.762744140625 0.012845052083333334 0.041103515625
0 0.3871354166666667 0.696611328125 0.0064518229166666665 0.019287109375
0 0.38399739583333337 0.724921875 0.006399739583333334 0.0075390625
0 0.38788411458333333 0.65857421875 0.005377604166666667 0.034697265625
0 0.392578125 0.603994140625 0.011328125 0.016953125
1 0.5126627604166667 0.18060546875 0.11158854166666667 0.089619140625
1 0.37983072916666666 0.122998046875 0.15152994791666666 0.24599609375
1 0.3405989583333333 0.395283203125 0.09576822916666666 0.292421875
1 0.32319010416666666 0.632421875 0.11645833333333333 0.180615234375
1 0.46024739583333335 0.594453125 0.07690755208333333 0.155263671875
1 0.42926432291666666 0.3875390625 0.018971354166666666 0.264716796875
1 0.32427734375 0.919677734375 0.1045703125 0.105400390625
0 0.26915364583333334 0.875810546875 0.01126953125 0.02189453125
1 0.2685677083333333 0.33703125 0.041666666666666664 0.047470703125
0 0.9385807291666667 0.678310546875 0.0075130208333333325 0.050615234375
1 0.32579427083333334 0.79458984375 0.05252604166666667 0.138603515625