0 0.38439999999999996 0.17093167701863354 0.25148 0.14478260869565215
0 0.22336 0.4414285714285714 0.34418 0.2368944099378882
0 0.23298 0.7883229813664596 0.24394 0.11701863354037267
0 0.41 0.680776397515528 0.08848 0.2327950310559006
0 0.51346 0.61 0.05292 0.2324223602484472
0 0.07474 0.6942546583850931 0.07008 0.266055900621118
1 0.50806 0.44130434782608696 0.1207 0.09555900621118012
0 0.49945999999999996 0.7618944099378883 0.08948 0.043695652173913045
0 0.4693 0.7153105590062112 0.02414 0.041335403726708075
0 0.43307999999999996 0.477360248447205 0.06758 0.17229813664596272
1 0.40582 0.31565217391304345 0.30174 0.14406832298136646