0 0.7661088709677419 0.49215053763440864 0.2792439516129032 0.5337992831541218
0 0.11299395161290322 0.5387992831541218 0.22598790322580645 0.7032078853046595
0 0.3844657258064516 0.8109856630824372 0.31105846774193546 0.36206093189964156
0 0.9842943548387096 0.47822580645161294 0.03142137096774194 0.4750179211469534
0 0.9201411290322581 0.6376344086021506 0.027641129032258065 0.2203405017921147
0 0.8560483870967742 0.901989247311828 0.11159274193548388 0.18019713261648745
0 0.28405241935483866 0.533888888888889 0.08977822580645162 0.23811827956989248
0 0.34298387096774197 0.30417562724014335 0.18795362903225804 0.2167741935483871
0 0.45118951612903224 0.5565053763440859 0.03256048387096774 0.12385304659498207
0 0.5559072580645161 0.4110035842293907 0.08009072580645162 0.10559139784946237
0 0.3875100806451613 0.5023835125448028 0.08063508064516128 0.09971326164874553
0 0.9505846774193548 0.7615591397849463 0.02964717741935484 0.12541218637992832
0 0.46159274193548383 0.3310394265232975 0.03788306451612903 0.1364336917562724
1 0.32776209677419355 0.11059139784946237 0.11584677419354839 0.22120071684587814
1 0.9400504032258065 0.1053225806451613 0.11988911290322582 0.21066308243727597