0 0.0552890625 0.43433333333333335 0.06882031250000001 0.10294444444444445
0 0.2179921875 0.4247638888888889 0.08497656249999999 0.1426388888888889
0 0.2755078125 0.7221527777777779 0.049703125 0.16404166666666667
0 0.12253906249999999 0.5986944444444444 0.0316796875 0.05816666666666667
0 0.3883203125 0.7606666666666666 0.17171875 0.08156944444444444
0 0.5423203125 0.7248749999999999 0.06251562499999999 0.07704166666666666
0 0.6595 0.7195277777777777 0.059726562500000004 0.03626388888888889
0 0.739765625 0.6687916666666667 0.05271875 0.08740277777777777
0 0.595515625 0.13729166666666665 0.0666171875 0.08455555555555556
0 0.664546875 0.3479583333333333 0.035562500000000004 0.09697222222222221
0 0.5645546875 0.5625833333333333 0.051125 0.10211111111111111
0 0.503015625 0.6393055555555556 0.0230390625 0.05377777777777778
0 0.5167109375 0.5599166666666666 0.0181328125 0.03741666666666667
0 0.5176484375 0.46441666666666664 0.0411328125 0.1358611111111111
0 0.43667187500000004 0.4516527777777778 0.0351171875 0.08043055555555555
0 0.9350703125000001 0.6781666666666666 0.125859375 0.06761111111111111
0 0.9598984375 0.6243055555555556 0.0495078125 0.04683333333333333
0 0.8525234375 0.5510277777777778 0.063328125 0.04513888888888889
0 0.815609375 0.40831944444444446 0.1392265625 0.09115277777777778
0 0.7265234375 0.47865277777777776 0.0364921875 0.07402777777777778
0 0.7015859375 0.3979583333333333 0.024125 0.03451388888888889
1 0.842125 0.2240277777777778 0.16015625 0.2945277777777778
0 0.1725859375 0.7976666666666667 0.1434296875 0.09843055555555556
0 0.6279296875 0.5963194444444445 0.076421875 0.04623611111111111
0 0.368109375 0.45711111111111113 0.0582421875 0.10555555555555556
0 0.3838359375 0.5956805555555555 0.02953125 0.022180555555555558
0 0.96228125 0.3280138888888889 0.07359375 0.048277777777777774
0 0.151140625 0.48238888888888887 0.0230234375 0.05776388888888889