0 0.46203333333333335 0.4502962962962963 0.025733333333333334 0.09466666666666666
0 0.5436666666666666 0.40453333333333336 0.04734166666666667 0.16905185185185184
0 0.4563416666666667 0.5744 0.022675 0.07619259259259259
0 0.49666666666666665 0.4537481481481481 0.027966666666666667 0.0894962962962963
0 0.4938916666666666 0.5709925925925926 0.025058333333333335 0.05715555555555555
0 0.31830833333333336 0.44170370370370365 0.006891666666666667 0.044222222222222225
0 0.33314166666666667 0.44432592592592596 0.008741666666666667 0.06798518518518519
0 0.34449166666666664 0.44509629629629627 0.008849999999999998 0.08188148148148149
1 0.671525 0.1889185185185185 0.09355000000000001 0.37079999999999996
1 0.4610583333333333 0.12014814814814814 0.301375 0.23964444444444444
0 0.6825916666666667 0.40471111111111113 0.009066666666666667 0.015718518518518517
0 0.4540666666666667 0.3041037037037037 0.026383333333333335 0.03431111111111111