0 0.3536607142857143 0.5424553571428572 0.08473214285714285 0.19441964285714283
0 0.5087053571428571 0.5913839285714285 0.10558035714285714 0.07665178571428573
0 0.23861607142857144 0.535625 0.027633928571428573 0.13834821428571428
0 0.4283482142857143 0.5047321428571429 0.03839285714285714 0.1421875
0 0.18446428571428572 0.5514285714285714 0.054598214285714285 0.15183035714285714
0 0.23544642857142858 0.3569642857142857 0.1500892857142857 0.20973214285714284
0 0.38049107142857147 0.31745535714285716 0.08540178571428571 0.12375
1 0.17504464285714286 0.15441964285714288 0.3500892857142857 0.30879464285714286
1 0.07883928571428571 0.46745535714285713 0.15767857142857142 0.31535714285714284
0 0.484375 0.4705803571428571 0.06281250000000001 0.066875
0 0.5661607142857142 0.43879464285714287 0.047366071428571424 0.19379464285714285
0 0.7203125 0.4779910714285714 0.0575 0.19825892857142854