0 0.22267857142857145 0.6127232142857143 0.143125 0.2258482142857143
0 0.7412053571428572 0.5371428571428571 0.24223214285714284 0.2170982142857143
0 0.96 0.7483482142857143 0.06508928571428571 0.026919642857142857
0 0.8601785714285715 0.7120089285714286 0.05361607142857143 0.07245535714285714
0 0.4159821428571429 0.38410714285714287 0.07736607142857142 0.0678125
0 0.7709374999999999 0.335 0.27071428571428574 0.18174107142857143
0 0.3016517857142857 0.29651785714285717 0.12017857142857144 0.083125
0 0.5134375 0.13808035714285713 0.31589285714285714 0.27616071428571426
1 0.8262946428571428 0.12665178571428573 0.34098214285714284 0.2533482142857143
0 0.5207589285714286 0.3574553571428571 0.02464285714285714 0.1357142857142857
1 0.12035714285714286 0.24745535714285713 0.24071428571428571 0.4948660714285714
1 0.07883928571428571 0.6347321428571429 0.15767857142857142 0.2735714285714286