0 0.31674107142857144 0.5425892857142858 0.08691964285714285 0.19151785714285713
0 0.3964285714285714 0.5053571428571428 0.03558035714285714 0.14513392857142857
0 0.5296875 0.4009375 0.06334821428571429 0.12214285714285714
0 0.4875892857142857 0.5576339285714286 0.09058035714285714 0.1504464285714286
0 0.16852678571428573 0.5504910714285715 0.09379464285714287 0.17366071428571428
0 0.18388392857142857 0.34790178571428576 0.10678571428571429 0.21562499999999998
1 0.1648214285714286 0.12330357142857143 0.3295982142857143 0.2465625
1 0.06361607142857142 0.44026785714285716 0.12718749999999998 0.3834375
0 0.6749553571428571 0.4692410714285714 0.032589285714285716 0.23223214285714286
0 0.5694642857142858 0.5630357142857143 0.028928571428571432 0.060580357142857144
0 0.336875 0.28879464285714285 0.07075892857142857 0.11473214285714285
0 0.2948214285714286 0.3939732142857143 0.10977678571428572 0.046830357142857146