1 0.5 0.08276849642004773 1 0.16461813842482098
0 0.5906984126984127 0.6919451073985681 0.05154761904761905 0.049618138424821
0 0.5458174603174604 0.6971718377088306 0.03223809523809524 0.027446300715990454
0 0.5056190476190476 0.7142840095465395 0.022952380952380953 0.02343675417661098
0 0.24780158730158733 0.7001193317422435 0.03333333333333333 0.024081145584725537
0 0.274031746031746 0.7318138424821002 0.036682539682539685 0.01705250596658711
0 0.04077777777777778 0.6991050119331742 0.08155555555555556 0.04667064439140811
0 0.09615079365079365 0.7307875894988066 0.021626984126984126 0.034809069212410504
0 0.10365079365079365 0.6999761336515513 0.021484126984126984 0.019379474940334127
1 0.2488174603174603 0.3797374701670645 0.4976428571428571 0.41696897374701675
1 0.24306349206349206 0.6605011933174224 0.3180238095238095 0.13924821002386634