0 0.36879464285714286 0.5584375 0.19955357142857144 0.5347321428571429
0 0.5501339285714286 0.4519642857142857 0.16348214285714285 0.13223214285714285
1 0.2245535714285714 0.1504017857142857 0.4474107142857143 0.27397321428571425
1 0.13535714285714287 0.38455357142857144 0.27071428571428574 0.19441964285714283
1 0.20138392857142856 0.5874107142857143 0.3436160714285714 0.20495535714285712
1 0.5939285714285714 0.5264285714285715 0.11138392857142856 0.08410714285714285
1 0.4433482142857143 0.5347321428571429 0.03473214285714286 0.08660714285714285
1 0.2940625 0.7298214285714285 0.07227678571428572 0.07116071428571429
1 0.32705357142857144 0.33651785714285715 0.10808035714285714 0.08669642857142858
1 0.4857589285714286 0.3353125 0.06303571428571428 0.12044642857142858
1 0.5527678571428571 0.4038839285714286 0.0659375 0.04361607142857143