0 0.17575892857142855 0.7955357142857142 0.3515178571428571 0.14294642857142859
0 0.4920535714285714 0.7553571428571428 0.22745535714285717 0.2050892857142857
0 0.8704910714285715 0.8080357142857143 0.25901785714285713 0.13254464285714287
0 0.7444196428571429 0.6885714285714286 0.23964285714285713 0.10544642857142858
0 0.5521874999999999 0.43441964285714285 0.07392857142857143 0.4061607142857143
1 0.16419642857142858 0.4063392857142857 0.3149553571428571 0.6295535714285715
0 0.6820089285714286 0.8346875 0.08111607142857144 0.056919642857142856
1 0.46580357142857143 0.3695535714285714 0.09883928571428571 0.5380357142857143
1 0.7098660714285714 0.4957142857142857 0.045267857142857144 0.2739285714285714
1 0.7760267857142857 0.5526785714285715 0.06174107142857143 0.15611607142857142
0 0.8740625 0.4340625 0.013214285714285715 0.15022321428571428