0 0.32540178571428574 0.5025446428571428 0.36598214285714287 0.4361160714285714
0 0.28879464285714285 0.8287053571428571 0.11924107142857143 0.15741071428571426
0 0.2805803571428572 0.6575892857142858 0.06285714285714286 0.1464285714285714
0 0.4052232142857143 0.9648660714285714 0.06910714285714285 0.07022321428571429
1 0.9039285714285714 0.4986160714285714 0.1920982142857143 0.6274107142857143
0 0.8382589285714286 0.5186160714285715 0.07151785714285715 0.10727678571428571
1 0.4170982142857143 0.8072321428571428 0.13620535714285714 0.15620535714285716
1 0.35035714285714287 0.6561160714285714 0.0915625 0.13232142857142856
1 0.18892857142857142 0.19058035714285712 0.0830357142857143 0.19468749999999999
1 0.9016071428571429 0.04482142857142857 0.19678571428571429 0.08964285714285714
1 0.6281249999999999 0.04575892857142857 0.19062500000000002 0.09147321428571428