0 0.04830357142857143 0.5647767857142857 0.09660714285714286 0.13343750000000001
0 0.19508928571428572 0.5179464285714286 0.13383928571428572 0.07616071428571428
0 0.19977678571428573 0.6745982142857143 0.1265625 0.14111607142857144
0 0.4805803571428572 0.5055357142857143 0.4365178571428571 0.4739732142857143
0 0.5617857142857143 0.7975446428571429 0.271875 0.10267857142857142
0 0.8701339285714286 0.6270089285714285 0.22482142857142856 0.42808035714285714
0 0.5324553571428571 0.2046875 0.04441964285714285 0.1275
1 0.2225 0.2988839285714286 0.1464732142857143 0.3508482142857143
1 0.4077678571428572 0.14727678571428574 0.1675 0.2945089285714286
0 0.30410714285714285 0.15325892857142856 0.033303571428571425 0.23084821428571428
1 0.15808035714285712 0.6014732142857142 0.06839285714285714 0.07995535714285715
1 0.05669642857142857 0.6538839285714285 0.10607142857142858 0.06736607142857143
1 0.9229017857142857 0.2975 0.08522321428571429 0.21522321428571428
1 0.5854017857142857 0.04580357142857143 0.18125 0.0908482142857143