0 0.12066964285714286 0.7351785714285715 0.24133928571428573 0.37669642857142854
0 0.39549107142857143 0.4478125 0.2050892857142857 0.8119642857142857
0 0.6954464285714286 0.8412499999999999 0.06558035714285713 0.05303571428571429
0 0.5744196428571428 0.609017857142857 0.12477678571428572 0.25455357142857143
0 0.8975892857142858 0.7497321428571428 0.20482142857142857 0.23598214285714286
0 0.8970535714285715 0.2532142857142857 0.03629464285714286 0.14928571428571427
0 0.8949553571428571 0.04950892857142857 0.07674107142857144 0.09906250000000001
0 0.6466071428571428 0.047455357142857146 0.054419642857142854 0.09486607142857142
0 0.17227678571428573 0.40665178571428573 0.029285714285714283 0.2832142857142857
0 0.5590178571428571 0.8425892857142857 0.08169642857142857 0.05133928571428571
0 0.9707589285714285 0.9170535714285714 0.058437499999999996 0.04566964285714286
1 0.04544642857142857 0.2987946428571429 0.0908482142857143 0.42526785714285714
0 0.10477678571428571 0.4576339285714286 0.03495535714285714 0.16892857142857146
1 0.5616071428571429 0.28468750000000004 0.07513392857142856 0.21964285714285717
0 0.6972321428571429 0.24433035714285714 0.0478125 0.12339285714285715
1 0.3764285714285714 0.08750000000000001 0.12950892857142857 0.09276785714285715