0 0.5708482142857143 0.4303571428571429 0.26589285714285715 0.43977678571428575
0 0.9334375 0.33183035714285714 0.133125 0.18535714285714286
0 0.9429464285714285 0.8131696428571429 0.11410714285714285 0.3736160714285714
0 0.7962053571428571 0.8350892857142858 0.10325892857142857 0.22183035714285712
0 0.3590625 0.8246428571428571 0.718125 0.35066964285714286
0 0.7758482142857143 0.3587053571428571 0.09879464285714286 0.33772321428571433
0 0.29647321428571427 0.55875 0.2525 0.18276785714285712
1 0.11941964285714286 0.2780803571428571 0.23888392857142857 0.5562053571428571
0 0.0278125 0.059821428571428574 0.029464285714285714 0.11959821428571428
1 0.7498660714285714 0.6554910714285714 0.22870535714285714 0.1824107142857143
1 0.9296875 0.5179464285714286 0.13379464285714285 0.18308035714285714
1 0.08 0.6877678571428572 0.16 0.24700892857142856
0 0.07843750000000001 0.6177232142857143 0.10116071428571428 0.05696428571428571