0 0.31660714285714286 0.7375892857142857 0.08428571428571428 0.08330357142857144
0 0.5150892857142857 0.7655357142857142 0.057812499999999996 0.043125000000000004
0 0.165 0.7517857142857143 0.16593750000000002 0.045089285714285714
0 0.6933928571428571 0.7374999999999999 0.2657589285714286 0.12263392857142856
0 0.5671428571428572 0.626875 0.09522321428571427 0.06580357142857143
0 0.9096428571428571 0.6981696428571428 0.12450892857142858 0.1021875
1 0.12665178571428573 0.40941964285714283 0.25330357142857146 0.6685714285714285
1 0.3975 0.38776785714285716 0.21625 0.48808035714285714
1 0.6343303571428571 0.3920535714285714 0.23058035714285713 0.41236607142857146
1 0.8557142857142858 0.46754464285714287 0.20816964285714287 0.42125
0 0.4321428571428571 0.6400446428571429 0.10040178571428571 0.044375
0 0.39973214285714287 0.7597767857142858 0.04263392857142857 0.04799107142857143
1 0.7076785714285715 0.04933035714285715 0.09892857142857144 0.0986607142857143
1 0.7759375000000001 0.8524553571428571 0.4198214285714286 0.11075892857142856