0 0.04611607142857143 0.5495535714285714 0.09223214285714286 0.13642857142857143
0 0.1936607142857143 0.5132589285714285 0.124375 0.07035714285714285
0 0.3110267857142857 0.2475892857142857 0.036875 0.3977232142857143
0 0.41535714285714287 0.5911160714285714 0.5733482142857144 0.28816964285714286
0 0.5743303571428572 0.2949553571428571 0.014508928571428572 0.2975446428571429
0 0.5508482142857143 0.7920982142857144 0.29245535714285714 0.10727678571428571
0 0.8616964285714286 0.7366964285714286 0.21888392857142858 0.194375
0 0.865625 0.5202678571428572 0.22388392857142855 0.21928571428571428
0 0.8827232142857142 0.3250892857142857 0.03 0.11696428571428572
0 0.4443303571428571 0.35995535714285715 0.04883928571428571 0.12
0 0.5336160714285715 0.2050892857142857 0.03767857142857143 0.11995535714285714
1 0.21111607142857142 0.24883928571428574 0.15812500000000002 0.44745535714285717
1 0.4278125 0.1525892857142857 0.1804017857142857 0.3003125
1 0.6347767857142858 0.3648214285714286 0.09486607142857142 0.19111607142857143
1 0.16098214285714288 0.5961160714285715 0.06446428571428571 0.08424107142857143
1 0.0888392857142857 0.6108482142857143 0.053839285714285715 0.11857142857142856
1 0.03357142857142857 0.4270982142857143 0.06714285714285714 0.10325892857142857
1 0.9317410714285714 0.28986607142857146 0.06308035714285715 0.2319642857142857