0 0.2811160714285714 0.8307589285714286 0.11299107142857143 0.15486607142857142
0 0.41294642857142855 0.9680357142857143 0.11441964285714286 0.06388392857142858
1 0.31428571428571433 0.5158482142857143 0.3808482142857143 0.4429464285714286
1 0.9367410714285714 0.5025892857142857 0.11683035714285715 0.6345535714285714
0 0.49040178571428567 0.7977232142857142 0.04191964285714286 0.11151785714285714
0 0.44424107142857144 0.6854017857142857 0.10272321428571429 0.08589285714285713
1 0.8900446428571429 0.045625000000000006 0.21812499999999999 0.09125000000000001
1 0.4036160714285714 0.7869196428571429 0.12522321428571428 0.09495535714285715
1 0.3657589285714286 0.6172767857142858 0.13669642857142858 0.1432142857142857
1 0.15482142857142858 0.21066964285714285 0.13071428571428573 0.2472767857142857
1 0.6150892857142857 0.04517857142857142 0.20308035714285716 0.09040178571428571