0 0.17366071428571428 0.8090178571428571 0.3389732142857143 0.12026785714285715
0 0.49830357142857146 0.7495089285714285 0.24049107142857143 0.21982142857142858
0 0.8685267857142858 0.8124107142857142 0.2629464285714286 0.13200892857142857
0 0.8500892857142857 0.6880357142857143 0.03816964285714286 0.10933035714285713
0 0.7033482142857144 0.6895535714285714 0.15857142857142859 0.10129464285714286
0 0.6487053571428572 0.823125 0.044642857142857144 0.06138392857142857
1 0.1521875 0.4133928571428571 0.30433035714285717 0.5344642857142857
0 0.07424107142857142 0.7129464285714285 0.079375 0.04839285714285714
0 0.15861607142857143 0.6960714285714286 0.03642857142857143 0.08816964285714286
0 0.3290625 0.5830357142857142 0.03553571428571429 0.09611607142857144
0 0.5529017857142857 0.4094642857142857 0.07776785714285715 0.3717857142857143
1 0.23848214285714286 0.7401339285714286 0.12370535714285714 0.10540178571428571
1 0.10102678571428571 0.7636160714285715 0.08133928571428571 0.07602678571428571
1 0.46218750000000003 0.4496875 0.09348214285714286 0.40991071428571424
1 0.47107142857142853 0.15129464285714286 0.053392857142857145 0.17450892857142858
1 0.5545982142857143 0.12383928571428571 0.04589285714285714 0.1809375