0 0.17450892857142858 0.7909821428571429 0.3489732142857143 0.19214285714285714
0 0.49058035714285714 0.7930803571428572 0.243125 0.20276785714285714
0 0.5595982142857142 0.40843749999999995 0.07348214285714286 0.2925446428571429
0 0.8671428571428572 0.8427232142857143 0.26566964285714284 0.145
0 0.7198660714285714 0.7145089285714287 0.10580357142857143 0.052142857142857144
0 0.6739732142857143 0.8589732142857143 0.0816517857142857 0.07089285714285715
1 0.15125000000000002 0.34004464285714286 0.28200892857142856 0.6728571428571428
1 0.9177232142857142 0.042946428571428566 0.16455357142857144 0.08589285714285713
1 0.4962053571428572 0.6206250000000001 0.17669642857142856 0.1265625
1 0.826875 0.3187946428571428 0.12513392857142858 0.2634375
1 0.4695982142857143 0.3818303571428571 0.0825 0.2983035714285714