0 0.48818055555555556 0.39995454545454545 0.20893055555555556 0.7658409090909092
0 0.18699999999999997 0.6192045454545454 0.09584722222222222 0.5331818181818182
0 0.09672222222222222 0.7367045454545454 0.06149305555555555 0.33486363636363636
1 0.2952916666666667 0.3166136363636364 0.11802083333333332 0.6235454545454546
0 0.7324861111111111 0.34750000000000003 0.06913888888888889 0.3281590909090909
0 0.8430416666666667 0.3549772727272727 0.07518055555555556 0.32702272727272724
0 0.9521736111111112 0.3523409090909091 0.07521527777777778 0.39027272727272727
0 0.6163541666666666 0.4032272727272727 0.022069444444444444 0.2876818181818182
0 0.3644583333333334 0.5958636363636364 0.021402777777777778 0.30779545454545454
0 0.2720208333333333 0.7405227272727273 0.017645833333333333 0.2750909090909091
0 0.04992361111111111 0.6822727272727273 0.014944444444444444 0.10934090909090909
1 0.39113194444444443 0.21631818181818183 0.0725625 0.43263636363636365
1 0.6486111111111111 0.5516818181818182 0.05265972222222222 0.19879545454545455
1 0.06774305555555556 0.2992727272727273 0.13549305555555557 0.5985681818181818
1 0.18777777777777777 0.20361363636363636 0.09564583333333333 0.4072272727272727
1 0.8519444444444444 0.0916590909090909 0.2899305555555556 0.18334090909090908