0 0.5 0.1719548872180451 1 0.3439097744360902
0 0.79155 0.4521303258145364 0.07228333333333332 0.16270676691729324
0 0.08838333333333334 0.7148496240601504 0.08424999999999999 0.06095238095238095
0 0.39386666666666664 0.8026942355889723 0.035666666666666666 0.06546365914786968
0 0.295825 0.568796992481203 0.05774166666666667 0.20498746867167922
0 0.4215583333333333 0.528609022556391 0.166675 0.2802882205513784
0 0.21963333333333335 0.6222305764411028 0.064875 0.06253132832080201
1 0.9120833333333334 0.7005137844611529 0.175825 0.4629197994987469
1 0.2740416666666667 0.8388847117794486 0.5480750000000001 0.32223057644110276
1 0.7698666666666667 0.09382205513784461 0.17480833333333334 0.1876315789473684
1 0.204575 0.08795739348370928 0.40915 0.17591478696741855