0 0.4671948051948052 0.39744827586206893 0.24766233766233764 0.4305057471264368
0 0.5805064935064935 0.7222528735632184 0.06438961038961039 0.12882758620689655
0 0.7307402597402597 0.46098850574712646 0.2767012987012987 0.4214712643678161
0 0.9774285714285714 0.4958620689655172 0.02187012987012987 0.03908045977011494
0 0.25502597402597404 0.7865747126436782 0.06450649350649351 0.03236781609195402
0 0.27735064935064935 0.4260229885057471 0.07366233766233767 0.16036781609195402
1 0.18423376623376625 0.17264367816091952 0.3645194805194805 0.34528735632183905
1 0.7662467532467533 0.12206896551724138 0.34544155844155844 0.24413793103448275
1 0.4796883116883117 0.08873563218390805 0.22118181818181817 0.1774712643678161
1 0.3832987012987013 0.6908505747126437 0.11264935064935064 0.20680459770114942
1 0.588038961038961 0.6216551724137931 0.06605194805194806 0.08335632183908046
1 0.4738311688311689 0.6219310344827587 0.061636363636363635 0.06482758620689655
1 0.8848961038961038 0.3112413793103448 0.11471428571428571 0.12710344827586206