1 0.2630138888888889 0.8493333333333334 0.36689583333333337 0.2700416666666667
1 0.27922916666666664 0.17342708333333334 0.5378819444444444 0.3389583333333333
1 0.8909722222222223 0.26539583333333333 0.21805555555555556 0.5307916666666667
0 0.4279930555555555 0.6365520833333334 0.24290277777777775 0.28712499999999996
0 0.09265972222222223 0.6163854166666667 0.18200694444444443 0.19726041666666666
0 0.25066666666666665 0.65490625 0.10270138888888888 0.11175
0 0.7829513888888889 0.6082083333333334 0.4321527777777777 0.17719791666666668
0 0.6408611111111111 0.765375 0.015416666666666665 0.13597916666666665
0 0.666125 0.8162604166666667 0.024645833333333336 0.03760416666666667
1 0.5314027777777778 0.82759375 0.1688611111111111 0.19821875
0 0.5834097222222222 0.8081979166666666 0.05305555555555556 0.03505208333333333
1 0.649125 0.2516041666666667 0.18292361111111113 0.5031979166666667
1 0.8103611111111112 0.7849583333333333 0.3771388888888889 0.23660416666666664
1 0.025444444444444443 0.5511666666666667 0.050888888888888886 0.16968750000000002
0 0.04232638888888889 0.9699583333333333 0.03352083333333333 0.05266666666666667
0 0.19252083333333334 0.9834895833333334 0.03828472222222223 0.03303125
0 0.3753402777777778 0.9831770833333333 0.017458333333333333 0.03363541666666667
0 0.22134722222222222 0.9594270833333333 0.0365625 0.011822916666666666
1 0.03386111111111111 0.8834375 0.06772222222222223 0.08132291666666666
1 0.12783333333333335 0.4252083333333333 0.14569444444444446 0.15076041666666665
0 0.9203819444444444 0.7348958333333333 0.05138194444444444 0.05838541666666666
1 0.20247222222222222 0.584125 0.09213194444444443 0.08109374999999999