1 0.5 0.3067574931880109 1 0.36596730245231607
0 0.19641558441558443 0.5407629427792916 0.09922077922077922 0.055722070844686646
0 0.8020519480519481 0.5184196185286103 0.1801298701298701 0.09435967302452317
0 0.9808571428571429 0.5577656675749318 0.03825974025974026 0.03231607629427793
0 0.055168831168831166 0.5580926430517711 0.03207792207792208 0.0440599455040872
1 0.35111688311688316 0.5933787465940055 0.1708831168831169 0.08326975476839237
0 0.2892207792207792 0.5388283378746594 0.048207792207792206 0.038664850136239784
0 0.3837922077922078 0.5242234332425068 0.08901298701298702 0.04482288828337874
0 0.47610389610389614 0.5325885558583107 0.03807792207792208 0.04722070844686648
0 0.5943636363636364 0.5062942779291553 0.1586753246753247 0.04084468664850136
1 0.09233766233766233 0.5544141689373296 0.18467532467532466 0.11923705722070845