0 0.6774175588865097 0.5020139328689044 0.3630406852248394 0.7392780240658644
0 0.3128351177730193 0.6065167827739075 0.36387580299785866 0.44797973400886637
0 0.9216916488222698 0.8823369221025966 0.028423982869379017 0.03253324889170361
0 0.8641927194860815 0.8791640278657379 0.036398286937901494 0.0176504116529449
0 0.9149593147751606 0.6763457884737176 0.10889079229122055 0.2854401519949335
0 0.3169764453961456 0.3129512349588347 0.0347323340471092 0.06303356554781507
0 0.2682698072805139 0.25179860671310955 0.029841541755888653 0.040468651044965165
1 0.888321199143469 0.212640911969601 0.22335760171306207 0.425281823939202
1 0.9292077087794431 0.48435085497150093 0.13591434689507495 0.11102596580113996
1 0.9558929336188438 0.7849081697276756 0.08821413276231263 0.14065864471184295
1 0.9600171306209849 0.6396770107663078 0.07996573875802998 0.09723875870804306
1 0.6179400428265525 0.08629512349588346 0.3093961456102784 0.17259658011399617