1 0.479755859375 0.1718229166666667 0.747392578125 0.3436458333333334
0 0.9183984375 0.6503255208333333 0.06189453125 0.23320312499999998
0 0.55923828125 0.4028125 0.063681640625 0.11854166666666667
0 0.600048828125 0.5533723958333333 0.030830078125 0.12576822916666666
0 0.4346484375 0.39394531250000003 0.13935546875 0.16640625
0 0.33662109375 0.5962369791666667 0.025263671875 0.1367578125
0 0.19728515625 0.636015625 0.03568359375 0.11317708333333333
1 0.245078125 0.4122526041666667 0.23353515625 0.14059895833333333
0 0.7992578125 0.5807942708333333 0.122177734375 0.23386718750000002
0 0.636728515625 0.5608203125 0.032783203125 0.13114583333333332
0 0.666015625 0.417421875 0.13587890625 0.14385416666666667
0 0.373466796875 0.5817708333333333 0.04517578125 0.14683593749999999
0 0.411484375 0.5714843749999999 0.02658203125 0.14799479166666665
0 0.492890625 0.5564713541666667 0.017099609375 0.017591145833333332
0 0.2591015625 0.6970182291666666 0.0165625 0.09220052083333334
0 0.2620703125 0.6176041666666666 0.0178515625 0.05821614583333334
0 0.156328125 0.6391927083333333 0.01970703125 0.11075520833333334
0 0.09966796875 0.6603125 0.043447265625 0.10983072916666665
0 0.269228515625 0.5183463541666666 0.045087890625 0.049726562499999995
0 0.289541015625 0.42130208333333335 0.025048828125 0.08354166666666667
0 0.20330078125 0.5027213541666666 0.0363671875 0.04255208333333333
1 0.974755859375 0.5574609375 0.05048828125 0.09216145833333333
1 0.907373046875 0.4750520833333333 0.085888671875 0.1126171875
1 0.766162109375 0.49029947916666666 0.06052734375 0.04412760416666667
1 0.79962890625 0.39868489583333333 0.126640625 0.11464843749999999
1 0.1330859375 0.5474609375 0.0334375 0.0710546875
1 0.227939453125 0.5059244791666667 0.026611328125 0.04518229166666667