1 0.6124090909090909 0.18784090909090911 0.7751818181818182 0.37568181818181823
1 0.5419545454545455 0.5172045454545454 0.36033333333333334 0.2836136363636364
0 0.22333333333333333 0.4718636363636364 0.058393939393939394 0.10638636363636364
0 0.18474242424242426 0.3206818181818182 0.094 0.09756818181818182
0 0.17227272727272727 0.8233181818181818 0.015454545454545453 0.06511363636363636
0 0.27466666666666667 0.8377727272727273 0.07883333333333334 0.029272727272727273
0 0.5374393939393939 0.7159545454545454 0.017242424242424243 0.050068181818181824
0 0.43668181818181817 0.6905681818181819 0.04106060606060606 0.07297727272727272
0 0.5710000000000001 0.7018863636363636 0.011893939393939394 0.021931818181818184
0 0.5886515151515151 0.670340909090909 0.028454545454545455 0.03065909090909091
0 0.6567121212121212 0.6905454545454545 0.01943939393939394 0.054068181818181814
0 0.7720151515151514 0.5776818181818182 0.10804545454545456 0.14886363636363636
0 0.7847424242424241 0.6730227272727273 0.023378787878787877 0.013477272727272727
1 0.07369696969696969 0.25588636363636363 0.14353030303030304 0.11711363636363636
1 0.18801515151515152 0.2361818181818182 0.07983333333333333 0.09363636363636364
1 0.5226818181818182 0.6785 0.09057575757575757 0.041340909090909095
1 0.2976212121212121 0.46536363636363637 0.0978030303030303 0.10434090909090908
1 0.9130303030303031 0.5250454545454546 0.17057575757575758 0.2919090909090909
1 0.9716818181818181 0.7269318181818182 0.05663636363636364 0.12988636363636363
1 0.7752272727272727 0.46343181818181817 0.1040909090909091 0.17093181818181816