0 0.11328888888888888 0.7576331360946745 0.21719999999999998 0.09825443786982249
0 0.5512444444444444 0.7655621301775147 0.6031777777777778 0.22615384615384615
0 0.9506 0.7981656804733727 0.0988 0.17171597633136093
0 0.11955555555555555 0.835414201183432 0.031422222222222226 0.030828402366863905
0 0.19299999999999998 0.8482840236686391 0.08064444444444445 0.05020710059171597
0 0.8840222222222223 0.9371597633136094 0.2009111111111111 0.11881656804733727
1 0.9496888888888889 0.4738165680473373 0.09335555555555555 0.40923076923076923
1 0.12835555555555556 0.586715976331361 0.17662222222222224 0.22627218934911245
1 0.286 0.4468639053254438 0.055822222222222224 0.40550295857988167
1 0.6219333333333333 0.40171597633136097 0.21195555555555554 0.5126035502958579
1 0.42633333333333334 0.46198224852071007 0.15213333333333331 0.5014497041420118