0 0.5111770833333333 0.6133472222222223 0.53853125 0.49286111111111114
1 0.16897916666666665 0.1890138888888889 0.3379583333333333 0.3780277777777778
1 0.7801041666666666 0.23927777777777778 0.43979166666666664 0.4785416666666667
1 0.19848958333333336 0.4730972222222222 0.24371875 0.19427777777777777
1 0.9192083333333334 0.5260972222222222 0.15888541666666667 0.09252777777777778
0 0.94621875 0.7994583333333334 0.047531250000000004 0.05880555555555556
0 0.8224895833333333 0.4961527777777778 0.039875 0.06580555555555556
0 0.018864583333333334 0.6107916666666666 0.021354166666666667 0.04505555555555555
0 0.044375000000000005 0.5559166666666666 0.020947916666666667 0.04465277777777778
0 0.21131250000000001 0.5705972222222222 0.04078125 0.06672222222222222
1 0.4477395833333333 0.05595833333333333 0.2196875 0.11191666666666666
1 0.62665625 0.5340694444444444 0.15784375 0.10856944444444444
1 0.77728125 0.9137222222222222 0.1343125 0.12055555555555555
1 0.050895833333333335 0.745875 0.10179166666666667 0.11236111111111112
0 0.49436458333333333 0.8728888888888889 0.030979166666666665 0.024291666666666663
0 0.62121875 0.9099444444444444 0.12417708333333333 0.0905
1 0.89221875 0.7763055555555556 0.06767708333333333 0.1910138888888889
1 0.40206250000000004 0.8352083333333333 0.136875 0.08719444444444445