0 0.8379354207436399 0.7914420062695925 0.30453033268101765 0.40109717868338557
0 0.574344422700587 0.800846394984326 0.11863013698630137 0.10836990595611286
0 0.5844911937377691 0.5507210031347962 0.0962133072407045 0.13752351097178683
0 0.45731898238747554 0.7402507836990595 0.11103718199608612 0.11134796238244515
0 0.26474559686888455 0.6592476489028214 0.2199315068493151 0.15147335423197492
0 0.0958904109589041 0.5802507836990596 0.1049706457925636 0.15736677115987463
0 0.022465753424657536 0.48344827586206895 0.04136986301369863 0.1765830721003135
1 0.946917808219178 0.3291222570532915 0.10616438356164383 0.6582758620689656
0 0.9574951076320939 0.5563636363636363 0.037426614481409 0.035956112852664576
0 0.5418688845401174 0.6624137931034483 0.021868884540117418 0.06100313479623825
0 0.5660567514677104 0.6884639498432602 0.025303326810176125 0.03858934169278997
0 0.18625244618395304 0.5639184952978056 0.057592954990215266 0.02927899686520376
0 0.46076320939334636 0.5660501567398118 0.028835616438356162 0.06059561128526645
1 0.3126027397260274 0.27968652037617553 0.33619373776908024 0.5593416927899687
0 0.22441291585127202 0.3949843260188088 0.023013698630136987 0.022288401253918497
1 0.07003913894324854 0.3026018808777429 0.1365949119373777 0.2821630094043887
1 0.5780528375733855 0.2572100313479624 0.10515655577299413 0.5143887147335423
1 0.8418688845401174 0.39119122257053296 0.09094911937377691 0.48934169278996864
1 0.7538747553816048 0.3385579937304075 0.07306262230919765 0.6770846394984327
1 0.6915949119373777 0.34128526645768026 0.03304305283757339 0.682601880877743