1 0.25004166666666666 0.2364888888888889 0.19881666666666667 0.4729777777777778
1 0.7239583333333334 0.2036148148148148 0.17053333333333331 0.37877037037037037
1 0.872975 0.30263703703703704 0.08608333333333333 0.24462222222222224
1 0.9666 0.32534814814814816 0.0668 0.31306666666666666
1 0.05011666666666667 0.2945925925925926 0.10023333333333334 0.5891851851851851
0 0.3093666666666667 0.5978666666666667 0.11970833333333333 0.07573333333333333
0 0.4954916666666667 0.6008148148148148 0.026175 0.03949629629629629
0 0.17410833333333334 0.6390518518518519 0.024841666666666665 0.026133333333333335
0 0.13029166666666667 0.6385037037037037 0.023241666666666667 0.04242962962962963
0 0.180525 0.5124148148148148 0.04255833333333334 0.07515555555555554
0 0.31376666666666664 0.5019851851851852 0.13775833333333334 0.09601481481481482
0 0.4842416666666667 0.46940740740740744 0.07316666666666666 0.10902222222222223
0 0.7236916666666666 0.4401777777777778 0.153925 0.09574814814814814
0 0.7282833333333334 0.5206666666666666 0.07035 0.05865185185185186
1 0.8328416666666666 0.49779259259259256 0.14361666666666667 0.0692
0 0.8684249999999999 0.44592592592592595 0.07914166666666667 0.04514074074074074
1 0.6793416666666667 0.5121185185185185 0.0307 0.04828148148148149
0 0.56145 0.4923555555555555 0.07945833333333333 0.05712592592592593
1 0.5560333333333334 0.2323259259259259 0.10739166666666668 0.4646518518518518
1 0.42411666666666664 0.1196888888888889 0.13365 0.23936296296296294
1 0.4653583333333333 0.3301925925925926 0.04253333333333333 0.1741037037037037
1 0.38760833333333333 0.2892 0.06461666666666667 0.09825185185185184
1 0.24262499999999998 0.5140296296296297 0.08223333333333334 0.09622222222222222