1 0.17086180124223602 0.43682194616977227 0.34172360248447203 0.3926475155279503
0 0.3559549689440994 0.7224844720496894 0.3373951863354037 0.17425724637681161
0 0.7628746118012423 0.7319798136645962 0.47425077639751556 0.19830745341614905
1 0.9712674689440994 0.8186542443064183 0.05746700310559006 0.11176501035196688
0 0.9703125 0.8399275362318841 0.023231754658385093 0.010688405797101449
0 0.9206599378881987 0.5981055900621118 0.04734083850931677 0.05040890269151139
0 0.8299631211180125 0.5973033126293996 0.06309006211180125 0.03686335403726708
1 0.21971273291925467 0.7944409937888198 0.13316770186335405 0.0845807453416149
1 0.355743400621118 0.7659730848861284 0.06986218944099379 0.1003597308488613
1 0.5952173913043478 0.8124974120082815 0.12516304347826088 0.06549948240165632
1 0.4657608695652174 0.8380072463768116 0.048315217391304344 0.07346014492753623
1 0.4999126552795031 0.7724353002070393 0.03719332298136646 0.05794513457556936
1 0.7390120341614906 0.8047463768115942 0.03381599378881987 0.036601966873706
0 0.16350349378881987 0.758993271221532 0.034376940993788824 0.03491718426501035
0 0.12395962732919254 0.6187836438923395 0.024918478260869563 0.04207815734989648
0 0.14608695652173911 0.6517727743271221 0.014091614906832297 0.023141821946169774
1 0.018670419254658385 0.6570238095238095 0.037342779503105585 0.04444875776397515
1 0.8627639751552795 0.8579503105590062 0.04214285714285714 0.035835921325051756
1 0.7922399068322982 0.8450258799171843 0.05622476708074534 0.027034161490683228
1 0.8936510093167702 0.7995910973084885 0.042346661490683224 0.06724896480331263
1 0.6777717391304348 0.6197075569358178 0.030599767080745344 0.054611801242236024