0 0.759 0.23115217391304346 0.4820116279069767 0.16115217391304346
0 0.40345348837209305 0.23108695652173913 0.22859302325581396 0.272304347826087
1 0.13497674418604652 0.18817391304347827 0.13752325581395347 0.2132608695652174
0 0.09191860465116279 0.33176086956521744 0.18382558139534885 0.14267391304347826
1 0.203046511627907 0.3908478260869565 0.30756976744186043 0.1151304347826087
0 0.23394186046511628 0.2747608695652174 0.06019767441860466 0.16991304347826086
1 0.26948837209302323 0.26504347826086955 0.03975581395348837 0.15782608695652173
1 0.7108604651162791 0.39391304347826084 0.5782790697674418 0.19093478260869565
1 0.6678023255813953 0.09647826086956522 0.6635581395348836 0.19295652173913044
1 0.37787209302325586 0.3616739130434783 0.03197674418604651 0.07247826086956523
1 0.24473255813953487 0.09173913043478261 0.08419767441860465 0.1835