0 0.039588709677419356 0.5074785100286533 0.07917741935483871 0.25305157593123206
0 0.3920725806451613 0.5419054441260746 0.0225 0.06501432664756447
0 0.4855403225806452 0.5335243553008596 0.02663709677419355 0.09782234957020057
0 0.5946048387096774 0.5643839541547278 0.06017741935483872 0.12270773638968482
0 0.8726854838709678 0.5966332378223496 0.06424193548387097 0.32078796561604583
0 0.8151048387096774 0.6671346704871061 0.04776612903225806 0.2359025787965616
1 0.030629032258064515 0.18568767908309458 0.06125806451612903 0.3713610315186246
0 0.5127258064516129 0.5538968481375358 0.015620967741935485 0.08714899713467049
0 0.25811290322580643 0.5436103151862464 0.020838709677419354 0.050458452722063035
0 0.15612903225806452 0.4852005730659026 0.01957258064516129 0.02703438395415473
0 0.014782258064516128 0.6548424068767909 0.029564516129032256 0.04217765042979943
1 0.03231451612903226 0.5230229226361032 0.03648387096774194 0.17048710601719197