1 0.21012999999999998 0.6383673469387755 0.13562000000000002 0.3583673469387755
1 0.7415499999999999 0.17335807050092764 0.21484999999999999 0.34671614100185527
0 0.72226 0.5943599257884973 0.08088 0.0950834879406308
0 0.50849 0.752708719851577 0.07429000000000001 0.13003710575139146
0 0.9693099999999999 0.6962708719851577 0.061380000000000004 0.07024118738404453
0 0.28088 0.8899814471243043 0.11133 0.11972170686456401
0 0.49645 0.8296103896103897 0.02395 0.022448979591836733
0 0.46326999999999996 0.7961410018552876 0.01498 0.06291280148423005
0 0.78015 0.5801484230055658 0.02104 0.07764378478664193
0 0.8288 0.5604081632653062 0.05454 0.08046382189239332
0 0.9458099999999999 0.5248794063079778 0.09109 0.11896103896103898
0 0.97615 0.8269387755102041 0.02779 0.07050092764378478
0 0.18987 0.862987012987013 0.05974 0.08838589981447124
0 0.25415 0.792987012987013 0.03692 0.06565862708719852
1 0.30528 0.8246938775510204 0.04134 0.06482374768089054
0 0.30597 0.76721706864564 0.03558 0.04289424860853432
1 0.55564 0.9597402597402597 0.07236 0.046122448979591835
0 0.58436 0.92139146567718 0.00863 0.030129870129870128
0 0.60072 0.9293506493506494 0.01642 0.031150278293135436
0 0.6429400000000001 0.5909090909090909 0.04375 0.046846011131725415
1 0.45336000000000004 0.9426159554730983 0.07471 0.08701298701298701
1 0.52435 0.8801113172541744 0.06405 0.10949907235621521
1 0.72065 0.9279962894248609 0.06545999999999999 0.0711873840445269
1 0.92949 0.9217068645640074 0.03689 0.06107606679035251
1 0.94443 0.6237105751391466 0.11115 0.0890352504638219
1 0.81438 0.656734693877551 0.08693000000000001 0.09994434137291279
1 0.71413 0.6919480519480519 0.09794 0.10330241187384044
1 0.31345999999999996 0.9603525046382189 0.13376 0.06719851576994434
1 0.056549999999999996 0.8400742115027829 0.09985 0.21970315398886828
1 0.16225 0.9193506493506493 0.10789 0.1320408163265306
1 0.12666 0.7039332096474954 0.02032 0.222708719851577
1 0.95441 0.3224860853432282 0.08363 0.24037105751391466
1 0.38162 0.2874025974025974 0.10719 0.4514656771799629
1 0.9572 0.7532838589981447 0.03318 0.06625231910946197
1 0.9752000000000001 0.08037105751391466 0.0496 0.16072356215213357
1 0.24846000000000001 0.867847866419295 0.05957 0.09126159554730982
1 0.32388 0.6276252319109462 0.061369999999999994 0.22061224489795916