0 0.8360861423220974 0.7283042394014962 0.07792134831460674 0.2959850374064838
0 0.940187265917603 0.7970822942643392 0.1196067415730337 0.22847880299251871
0 0.38971910112359553 0.6005486284289276 0.272940074906367 0.24251870324189526
0 0.39260299625468165 0.2651371571072319 0.0548501872659176 0.15930174563591024
0 0.5951123595505619 0.6550872817955112 0.044625468164794006 0.11124688279301745
0 0.8803370786516854 0.5381795511221945 0.05050561797752809 0.08149625935162094
0 0.9556179775280899 0.5969576059850374 0.056367041198501874 0.15154613466334166
0 0.9735393258426966 0.433715710723192 0.037247191011235956 0.02234413965087282
0 0.1948501872659176 0.5396508728179551 0.06200374531835206 0.1256359102244389
0 0.07619850187265917 0.5063591022443891 0.053726591760299626 0.07773067331670823
0 0.1644756554307116 0.31059850374064835 0.04250936329588015 0.10351620947630923
1 0.8687640449438202 0.38042394014962594 0.14460674157303371 0.20306733167082297
0 0.8298689138576779 0.25688279301745637 0.045000000000000005 0.04361596009975062
1 0.4441760299625468 0.4599501246882793 0.15790262172284644 0.2003491271820449
1 0.8986329588014982 0.13466334164588528 0.1860861423220974 0.26935162094763093