0 0.6757678571428571 0.5502380952380953 0.28125595238095236 0.7103174603174603
0 0.8690476190476191 0.7418253968253969 0.10091666666666667 0.39386243386243386
0 0.413827380952381 0.46074074074074073 0.2274107142857143 0.7375132275132275
0 0.9745416666666666 0.8525132275132276 0.050904761904761904 0.23002645502645502
1 0.17457738095238096 0.35642857142857143 0.25569642857142855 0.7128306878306878
1 0.45008333333333334 0.1616931216931217 0.09726190476190477 0.32335978835978835
1 0.5880357142857142 0.10357142857142856 0.17497619047619045 0.20714285714285713
1 0.5177083333333333 0.365952380952381 0.03822023809523809 0.2503439153439153
1 0.7847559523809524 0.47989417989417993 0.06172023809523809 0.26515873015873015
1 0.9362857142857143 0.8668783068783069 0.043529761904761904 0.11761904761904762
1 0.9383214285714286 0.6730952380952381 0.12335714285714286 0.2617460317460317
1 0.9083749999999999 0.27222222222222225 0.18325 0.5443915343915344
1 0.797672619047619 0.687989417989418 0.03897023809523809 0.14539682539682539
1 0.3195476190476191 0.18544973544973545 0.030678571428571427 0.19486772486772486
1 0.37531547619047617 0.05341269841269842 0.048886904761904756 0.1067989417989418
1 0.5382738095238095 0.6363756613756614 0.030767857142857142 0.27576719576719577
1 0.6512380952380952 0.30002645502645503 0.06776785714285714 0.18947089947089948